232100
332100
223100
323100
131200
331200
113200
313200
121300
221300
112300
212300
031210
331210
013210
313210
021310
221310
012310
212310
032120
332120
023120
323120
021320
121320
012320
112320
032130
232130
023130
223130
031230
131230
013230
113230
130201
330201
103201
303201
120301
220301
102301
202301
232011
332011
223011
323011
030211
330211
003211
303211
020311
220311
002311
202311
132021
332021
123021
323021
020321
120321
002321
102321
132031
232031
123031
223031
030231
130231
003231
103231
230102
330102
203102
303102
110302
210302
101302
201302
231012
331012
213012
313012
010312
210312
001312
201312
131022
331022
113022
313022
030122
330122
003122
303122
010322
110322
001322
101322
131032
231032
113032
213032
030132
230132
003132
203132
220103
320103
202103
302103
110203
310203
101203
301203
221013
321013
212013
312013
010213
310213
001213
301213
121023
321023
112023
312023
020123
320123
002123
302123
121033
221033
112033
212033
020133
220133
002133
202133
010233
110233
001233
101233
